zipcode,totalbirths
90001,1405
90002,1242
90003,1691
90004,970
90005,679
90006,1085
90007,595
90008,453
90009,10
90010,17
90011,2722
90012,245
90013,42
90014,33
90015,311
90016,833
90017,408
90018,840
90019,991
90020,628
90021,38
90022,1360
90023,1047
90024,299
90025,486
90026,996
90027,457
90028,287
90029,587
90031,660
90032,786
90033,1071
90034,819
90035,363
90036,474
90037,1383
90038,391
90039,372
90040,251
90041,324
90042,1067
90043,617
90044,1992
90045,425
90046,336
90047,737
90048,198
90049,361
90056,74
90057,891
90058,85
90059,984
90060,5
90061,617
90062,591
90063,1155
90064,297
90065,780
90066,760
90067,31
90068,226
90069,117
90077,88
90094,97
90201,2119
90202,25
90209,5
90210,192
90211,78
90212,106
90220,1090
90221,1392
90222,671
90230,364
90231,5
90232,162
90239,8
90240,352
90241,677
90242,673
90245,192
90247,812
90248,136
90249,415
90250,1666
90251,11
90254,202
90255,1642
90260,613
90262,1530
90265,129
90266,394
90267,6
90270,552
90272,191
90274,149
90275,263
90277,356
90278,605
90280,1821
90290,57
90291,337
90292,210
90293,134
90294,5
90301,687
90302,489
90303,486
90304,619
90305,155
90306,7
90401,57
90402,94
90403,244
90404,213
90405,273
90501,692
90502,251
90503,502
90504,353
90505,342
90601,446
90602,456
90603,199
90604,571
90605,624
90606,523
90607,8
90609,6
90620,567
90621,650
90623,170
90630,466
90631,1064
90638,529
90640,1000
90650,1767
90660,1037
90670,231
90680,568
90701,217
90703,409
90704,46
90706,1195
90710,391
90712,438
90713,312
90715,343
90716,305
90717,292
90720,194
90723,1143
90731,872
90732,238
90740,107
90742,9
90744,1101
90745,807
90746,282
90755,177
90801,11
90802,562
90803,257
90804,721
90805,1850
90806,816
90807,401
90808,388
90810,608
90813,1424
90814,201
90815,396
91001,507
91006,341
91007,345
91010,390
91011,113
91016,613
91020,74
91024,95
91030,229
91040,200
91042,385
91101,308
91103,456
91104,577
91105,109
91106,354
91107,408
91108,113
91201,246
91202,269
91203,159
91204,217
91205,422
91206,338
91207,99
91208,173
91209,5
91214,236
91301,198
91302,211
91303,527
91304,703
91306,717
91307,232
91311,363
91316,357
91320,508
91321,643
91322,6
91324,333
91325,369
91326,288
91331,2136
91335,1144
91340,723
91341,6
91342,1592
91343,1043
91344,480
91345,245
91350,404
91351,525
91352,843
91354,351
91355,390
91356,318
91358,5
91360,445
91361,144
91362,340
91364,264
91367,350
91377,98
91380,9
91381,271
91384,296
91387,584
91390,207
91392,7
91401,537
91402,1478
91403,325
91405,966
91406,882
91411,409
91413,5
91423,350
91436,158
91501,214
91502,124
91504,290
91505,335
91506,186
91601,448
91602,207
91604,311
91605,961
91606,728
91607,306
91701,414
91702,1069
91706,1545
91708,57
91709,904
91710,1119
91711,267
91720,9
91722,542
91723,252
91724,312
91729,13
91730,1015
91731,546
91732,1321
91733,882
91734,6
91737,225
91739,382
91740,291
91741,213
91744,1711
91745,718
91746,518
91747,8
91748,779
91750,312
91752,507
91754,432
91755,306
91761,995
91762,1148
91763,672
91764,1167
91765,509
91766,1479
91767,1016
91768,643
91769,5
91770,877
91773,309
91775,301
91776,567
91780,361
91784,202
91785,5
91786,793
91789,357
91790,645
91791,390
91792,426
91801,622
91803,373
91901,148
91902,203
91903,9
91905,11
91906,61
91910,1283
91911,1564
91912,8
91913,778
91914,283
91915,515
91916,16
91917,19
91931,7
91932,508
91934,11
91935,60
91941,570
91942,285
91945,440
91950,1072
91962,16
91963,22
91977,1024
91978,131
91980,24
92003,62
92004,25
92007,132
92008,270
92009,465
92010,192
92011,250
92014,92
92018,6
92019,474
92020,950
92021,1068
92022,5
92024,560
92025,1005
92026,739
92027,980
92028,633
92029,193
92033,10
92036,26
92037,350
92040,597
92046,7
92054,1394
92055,16
92056,701
92057,959
92058,640
92059,44
92061,47
92064,448
92065,443
92067,50
92069,874
92070,9
92071,678
92075,123
92078,695
92079,11
92081,378
92082,229
92083,859
92084,804
92085,7
92086,14
92088,8
92101,239
92102,893
92103,247
92104,708
92105,1571
92106,249
92107,273
92108,262
92109,375
92110,335
92111,671
92112,10
92113,1251
92114,1072
92115,916
92116,438
92117,614
92118,176
92119,229
92120,265
92121,52
92122,439
92123,545
92124,538
92126,1096
92127,577
92128,541
92129,654
92130,668
92131,497
92138,7
92139,656
92143,8
92150,7
92153,7
92154,1533
92165,5
92173,877
92196,7
92201,1457
92202,47
92203,270
92210,11
92211,119
92220,462
92223,630
92225,269
92226,11
92227,540
92230,51
92231,904
92232,11
92233,73
92234,824
92235,16
92236,1015
92240,751
92241,79
92243,862
92244,13
92247,6
92249,127
92250,132
92251,281
92252,127
92253,361
92254,371
92255,12
92256,34
92257,28
92258,15
92259,6
92260,262
92261,13
92262,314
92263,19
92264,114
92270,91
92273,36
92274,482
92275,26
92276,113
92277,572
92278,12
92281,44
92282,12
92283,9
92284,317
92285,19
92286,14
92301,712
92305,7
92307,584
92308,548
92309,18
92310,345
92311,653
92312,14
92313,130
92314,91
92315,92
92316,598
92317,43
92320,85
92321,28
92322,14
92324,1194
92325,153
92327,13
92329,79
92330,7
92334,19
92335,2189
92336,1521
92337,658
92339,9
92340,18
92341,5
92342,74
92344,239
92345,1399
92346,857
92347,22
92352,54
92354,298
92356,69
92358,11
92359,133
92365,23
92368,13
92371,135
92372,47
92373,406
92374,558
92375,10
92376,1697
92377,306
92378,11
92382,62
92386,27
92391,21
92392,1003
92393,26
92394,564
92395,713
92397,45
92398,14
92399,746
92401,79
92402,10
92404,1326
92405,661
92406,6
92407,1040
92408,287
92410,1252
92411,654
92413,12
92423,5
92427,10
92501,378
92503,1561
92504,856
92505,851
92506,515
92507,974
92508,414
92509,1379
92513,5
92516,5
92517,5
92518,5
92530,870
92532,294
92536,30
92539,49
92543,626
92544,657
92545,533
92548,122
92549,32
92551,586
92552,11
92553,1454
92555,589
92557,754
92561,10
92562,653
92563,844
92567,160
92570,1089
92571,1032
92572,5
92581,15
92582,279
92583,544
92584,568
92585,294
92586,163
92587,213
92589,11
92590,40
92591,586
92592,840
92593,8
92595,374
92596,356
92602,381
92603,261
92604,256
92606,227
92610,156
92612,225
92614,213
92617,104
92618,195
92619,5
92620,424
92624,83
92625,117
92626,555
92627,1134
92628,7
92629,251
92630,793
92646,485
92647,753
92648,503
92649,303
92651,149
92653,346
92655,119
92656,758
92657,127
92658,11
92660,270
92661,26
92662,14
92663,169
92672,529
92673,401
92674,5
92675,550
92676,15
92677,642
92678,5
92679,261
92683,1347
92688,669
92691,522
92692,463
92694,573
92701,1299
92702,9
92703,1645
92704,2012
92705,593
92706,812
92707,1366
92708,539
92780,965
92781,7
92782,354
92801,1139
92802,790
92804,1515
92805,1525
92806,681
92807,390
92808,246
92812,5
92821,417
92823,64
92831,440
92832,447
92833,762
92835,232
92840,995
92841,488
92842,5
92843,848
92844,388
92845,160
92846,5
92856,6
92860,252
92861,21
92862,5
92863,8
92865,267
92866,233
92867,690
92868,377
92869,538
92870,728
92878,5
92879,837
92880,943
92881,351
92882,1137
92883,423
92886,478
92887,156
93001,443
93002,6
93003,585
93004,298
93005,5
93006,5
93010,440
93011,9
93012,358
93013,231
93014,5
93015,309
93016,10
93021,538
93022,73
93023,165
93024,9
93030,1389
93031,16
93032,7
93033,2006
93034,18
93035,353
93036,731
93040,38
93041,495
93042,6
93044,15
93060,638
93061,5
93063,644
93065,927
93066,33
93067,8
93101,492
93103,308
93105,223
93108,51
93109,74
93110,140
93111,162
93117,468
93201,30
93202,82
93203,491
93204,216
93205,19
93206,56
93210,246
93212,334
93215,943
93216,23
93218,23
93219,272
93220,5
93221,205
93222,12
93223,216
93224,8
93225,52
93227,35
93230,1220
93232,11
93234,206
93235,108
93238,18
93239,42
93240,65
93241,458
93242,59
93243,13
93245,809
93247,356
93249,88
93250,295
93252,25
93254,19
93256,133
93257,1604
93258,137
93261,79
93263,392
93265,37
93266,33
93267,140
93268,311
93270,144
93271,14
93272,70
93274,1263
93275,5
93277,788
93278,8
93279,10
93280,480
93283,18
93285,20
93286,179
93290,12
93291,958
93292,618
93301,309
93302,6
93303,7
93304,1108
93305,1051
93306,1130
93307,1892
93308,845
93309,1027
93311,575
93312,878
93313,690
93314,254
93384,10
93385,6
93386,5
93387,7
93389,11
93390,5
93401,192
93402,119
93403,11
93405,124
93406,18
93412,6
93420,272
93421,10
93422,356
93423,22
93424,13
93426,5
93427,73
93428,41
93430,17
93432,19
93433,193
93434,157
93436,754
93437,118
93440,37
93441,14
93442,93
93443,6
93444,276
93445,137
93446,585
93447,48
93448,5
93449,53
93450,14
93451,81
93452,9
93453,28
93454,824
93455,459
93456,53
93458,1440
93460,45
93461,22
93463,81
93464,5
93465,87
93475,7
93483,8
93501,101
93505,171
93510,81
93513,23
93514,135
93515,5
93516,43
93517,5
93518,10
93523,90
93526,7
93527,23
93529,10
93531,5
93532,25
93534,851
93535,1383
93536,874
93539,10
93541,8
93543,209
93544,8
93545,32
93546,113
93549,5
93550,1559
93551,616
93552,598
93553,24
93555,508
93556,7
93560,286
93561,333
93562,37
93581,20
93584,6
93591,119
93601,11
93602,34
93604,5
93606,29
93607,13
93608,28
93609,102
93610,271
93611,514
93612,639
93613,19
93614,95
93615,154
93616,38
93618,562
93619,332
93620,138
93622,163
93624,13
93625,131
93626,18
93627,7
93628,8
93630,383
93631,251
93635,660
93636,79
93637,725
93638,1270
93639,5
93640,313
93641,5
93643,35
93644,90
93645,7
93646,290
93647,254
93648,348
93650,91
93651,13
93652,19
93654,571
93656,141
93657,616
93660,128
93662,635
93665,18
93666,23
93667,26
93668,16
93670,9
93673,12
93675,38
93701,432
93702,1332
93703,775
93704,451
93705,765
93706,871
93710,429
93711,364
93720,605
93721,99
93722,1386
93723,74
93725,513
93726,808
93727,1359
93728,356
93729,11
93730,89
93744,5
93901,392
93902,22
93905,1794
93906,1138
93907,301
93908,97
93912,36
93915,23
93920,14
93921,10
93922,6
93923,50
93924,29
93925,43
93926,222
93927,519
93928,5
93930,390
93932,6
93933,306
93940,395
93950,116
93953,20
93954,5
93955,737
93960,391
93962,9
94002,350
94005,56
94010,439
94014,542
94015,700
94017,5
94018,40
94019,216
94020,11
94022,151
94024,177
94025,627
94026,6
94027,45
94028,50
94030,186
94037,27
94038,39
94040,506
94041,210
94042,10
94043,516
94044,412
94060,25
94061,536
94062,305
94063,637
94064,9
94065,189
94066,517
94070,386
94074,6
94080,859
94083,5
94085,448
94086,935
94087,803
94088,6
94089,327
94102,218
94103,230
94104,11
94105,59
94107,340
94108,94
94109,408
94110,963
94111,23
94112,1103
94114,306
94115,364
94116,418
94117,419
94118,474
94121,438
94122,588
94123,333
94124,589
94127,214
94129,55
94130,33
94131,377
94132,243
94133,198
94134,559
94158,20
94301,182
94303,824
94304,54
94305,96
94306,264
94401,621
94402,331
94403,545
94404,470
94501,744
94502,129
94503,246
94505,31
94506,178
94507,93
94508,15
94509,1037
94510,255
94511,12
94513,750
94514,166
94515,106
94517,70
94518,329
94519,255
94520,747
94521,444
94523,368
94525,32
94526,243
94528,8
94530,297
94531,545
94533,1195
94534,419
94535,113
94536,1042
94538,1077
94539,409
94541,1093
94542,124
94544,1335
94545,475
94546,466
94547,299
94548,7
94549,217
94550,629
94551,590
94552,145
94553,530
94555,599
94556,76
94558,854
94559,335
94560,698
94561,527
94563,117
94564,170
94565,1450
94566,370
94567,6
94568,718
94571,73
94572,123
94573,6
94574,78
94577,649
94578,622
94579,241
94580,351
94582,500
94583,447
94585,414
94586,10
94587,1024
94588,348
94589,444
94590,614
94591,702
94592,18
94595,67
94596,177
94597,248
94598,189
94599,14
94601,1009
94602,392
94603,700
94604,8
94605,588
94606,574
94607,373
94608,349
94609,264
94610,348
94611,392
94612,141
94618,203
94619,316
94621,642
94702,217
94703,241
94704,67
94705,106
94706,261
94707,97
94708,103
94709,70
94710,98
94720,11
94801,595
94803,260
94804,633
94805,160
94806,1005
94808,6
94901,655
94903,276
94904,96
94912,10
94920,113
94923,9
94924,7
94925,115
94928,465
94930,76
94931,91
94933,5
94937,9
94938,7
94939,57
94941,359
94945,172
94947,271
94948,7
94949,228
94951,32
94952,342
94954,465
94956,15
94957,26
94960,137
94965,127
94970,8
94973,13
95001,6
95002,30
95003,199
95004,35
95005,69
95006,87
95007,10
95008,596
95010,108
95011,9
95012,239
95014,560
95015,5
95018,59
95019,137
95020,994
95021,8
95023,785
95024,15
95030,89
95032,252
95033,72
95035,982
95036,5
95037,623
95038,10
95039,23
95041,8
95043,5
95045,63
95046,78
95050,605
95051,959
95054,505
95055,7
95056,5
95060,399
95061,8
95062,458
95064,26
95065,80
95066,159
95070,142
95073,95
95075,7
95076,1741
95077,11
95110,359
95111,1213
95112,804
95113,13
95116,1166
95117,525
95118,484
95119,145
95120,264
95121,601
95122,1301
95123,967
95124,645
95125,785
95126,524
95127,1165
95128,615
95129,408
95130,197
95131,514
95132,551
95133,383
95134,370
95135,222
95136,729
95138,339
95139,111
95148,614
95151,11
95156,5
95159,5
95161,5
95173,5
95201,9
95202,175
95203,327
95204,440
95205,913
95206,1370
95207,869
95208,8
95209,594
95210,726
95212,397
95215,434
95219,345
95220,71
95221,16
95222,35
95223,30
95224,6
95225,6
95227,13
95228,37
95230,8
95231,66
95234,6
95236,49
95237,43
95240,900
95241,11
95242,292
95245,9
95246,11
95247,28
95249,34
95251,7
95252,129
95253,7
95254,8
95255,16
95258,52
95301,598
95303,16
95304,147
95305,5
95306,6
95307,826
95310,17
95311,16
95312,5
95313,31
95315,301
95316,107
95317,19
95318,6
95319,49
95320,153
95321,17
95322,166
95323,23
95324,88
95326,140
95327,73
95328,74
95329,23
95330,279
95333,48
95334,321
95336,675
95337,430
95338,97
95340,1268
95341,72
95345,6
95346,5
95348,461
95350,823
95351,1072
95352,8
95353,21
95354,469
95355,762
95356,419
95357,170
95358,621
95360,207
95361,417
95363,396
95365,94
95366,185
95367,418
95368,224
95369,16
95370,247
95372,27
95374,31
95376,857
95377,485
95379,46
95380,778
95381,27
95382,514
95383,27
95385,6
95386,171
95387,24
95388,298
95389,8
95391,158
95401,552
95402,24
95403,593
95404,464
95405,208
95407,748
95409,217
95410,8
95415,23
95416,40
95421,11
95422,213
95423,28
95425,127
95426,11
95428,43
95433,7
95435,14
95436,50
95437,174
95439,10
95441,18
95442,30
95444,7
95445,25
95446,40
95448,178
95449,18
95451,112
95452,9
95453,114
95454,28
95456,6
95457,34
95458,42
95460,14
95461,43
95462,12
95464,30
95465,11
95466,24
95467,59
95468,26
95469,29
95470,62
95472,177
95473,7
95476,317
95481,13
95482,443
95485,32
95490,180
95492,423
95501,346
95502,51
95503,261
95518,10
95519,197
95521,179
95524,18
95525,14
95526,6
95528,8
95531,272
95536,37
95537,7
95540,145
95542,23
95543,8
95546,70
95547,9
95548,19
95551,16
95552,5
95553,7
95555,5
95556,7
95560,36
95562,44
95563,9
95564,7
95565,13
95567,41
95570,21
95573,21
95589,12
95602,170
95603,285
95604,9
95605,265
95608,655
95609,7
95610,649
95611,6
95612,15
95614,28
95615,16
95616,350
95617,8
95618,200
95619,60
95620,306
95621,560
95623,52
95624,786
95626,65
95627,38
95628,441
95629,8
95630,870
95631,54
95632,447
95633,30
95634,23
95635,10
95636,12
95638,16
95640,83
95641,23
95642,66
95645,31
95648,660
95650,93
95651,10
95652,13
95653,10
95655,91
95656,8
95658,39
95659,7
95660,530
95661,341
95662,329
95663,21
95664,11
95665,31
95666,37
95667,353
95668,8
95669,30
95670,841
95672,40
95673,245
95674,6
95676,6
95677,275
95678,663
95681,13
95682,291
95683,53
95684,20
95685,33
95686,17
95687,764
95688,493
95689,6
95690,27
95691,562
95692,70
95693,68
95694,117
95695,576
95696,11
95701,11
95703,15
95709,58
95713,56
95722,22
95726,89
95728,6
95736,9
95741,11
95742,170
95746,146
95747,563
95757,699
95758,808
95759,9
95762,371
95763,10
95765,376
95776,335
95811,8
95812,9
95814,90
95815,529
95816,151
95817,222
95818,256
95819,217
95820,709
95821,536
95822,670
95823,1601
95824,649
95825,506
95826,512
95827,325
95828,1041
95829,337
95830,13
95831,466
95832,255
95833,679
95834,444
95835,725
95838,770
95841,329
95842,607
95843,668
95860,5
95864,224
95866,5
95901,740
95903,100
95912,86
95913,8
95914,9
95916,14
95917,39
95918,16
95919,14
95922,7
95924,10
95925,6
95926,434
95927,33
95928,352
95932,136
95935,6
95937,14
95938,25
95939,8
95942,11
95943,16
95945,255
95946,74
95947,18
95948,177
95949,114
95950,10
95951,46
95953,157
95954,92
95955,23
95957,12
95959,121
95960,9
95961,358
95962,17
95963,228
95965,334
95966,362
95967,7
95968,43
95969,236
95970,5
95971,66
95973,330
95975,17
95977,14
95982,30
95987,122
95988,123
95991,809
95992,12
95993,446
96001,410
96002,468
96003,474
96007,309
96008,12
96009,7
96013,65
96019,127
96020,19
96021,256
96022,157
96025,36
96027,18
96028,23
96032,25
96033,5
96035,39
96038,9
96039,18
96040,5
96041,27
96047,7
96049,21
96051,5
96052,9
96055,52
96056,15
96057,10
96062,11
96064,33
96067,46
96069,5
96073,29
96078,10
96080,372
96084,8
96087,6
96088,23
96089,6
96093,48
96094,85
96096,5
96097,128
96099,26
96101,33
96103,8
96107,11
96109,8
96113,9
96114,16
96117,5
96118,10
96120,10
96122,48
96128,8
96130,157
96137,29
96140,10
96142,8
96143,102
96145,49
96146,10
96148,8
96150,146
96151,87
96155,6
96156,73
96158,41
96160,53
96161,130
96162,45
